     45    120      3  2
     22    300
  9.9999999999999998e-13
 0 1
 2 1 0
 1 0 1
   8.0000000000   0.0000000000   0.0000000000   2.1944000000
   6.0000000000   0.0000000000   0.0000000000   0.0000000000
   8.0000000000   0.0000000000   0.0000000000  -2.1944000000
  4  0  0
     7816.5400000000        0.0064360000
     1175.8200000000        0.0489240000
      273.1880000000        0.2338190000
       81.1696000000        0.7847980000
  2  0  0
       27.1836000000        0.8033810000
        3.4136000000        0.3167200000
  1  0  0
        9.5322000000        1.0000000000
  1  0  0
        0.9398000000        1.0000000000
  1  0  0
        0.2846000000        1.0000000000
  1  0  0
        0.0822700000        1.0000000000
  1  0  0
        0.0237819849        1.0000000000
  3  1  0
       35.1832000000        0.0400230000
        7.9040000000        0.2538490000
        2.3051000000        0.8068420000
  1  1  0
        0.7171000000        1.0000000000
  1  1  0
        0.2137000000        1.0000000000
  1  1  0
        0.0650800000        1.0000000000
  1  1  0
        0.0198194029        1.0000000000
  1  2  0
        1.7000000000        1.0000000000
  1  2  0
        0.4250000000        1.0000000000
  1  2  0
        0.1062500000        1.0000000000
  4  0  1
     4232.6100000000        0.0062280000
      634.8820000000        0.0476760000
      146.0970000000        0.2314390000
       42.4974000000        0.7891080000
  2  0  1
       14.1892000000        0.7917510000
        1.9666000000        0.3218700000
  1  0  1
        5.1477000000        1.0000000000
  1  0  1
        0.4962000000        1.0000000000
  1  0  1
        0.1533000000        1.0000000000
  1  0  1
        0.0430200000        1.0000000000
  1  0  1
        0.0120725401        1.0000000000
  3  1  1
       18.1557000000        0.0391960000
        3.9864000000        0.2441440000
        1.1429000000        0.8167750000
  1  1  1
        0.3594000000        1.0000000000
  1  1  1
        0.1146000000        1.0000000000
  1  1  1
        0.0362900000        1.0000000000
  1  1  1
        0.0114918333        1.0000000000
  1  2  1
        1.5000000000        1.0000000000
  1  2  1
        0.3750000000        1.0000000000
  1  2  1
        0.0937500000        1.0000000000
  4  0  2
     7816.5400000000        0.0064360000
     1175.8200000000        0.0489240000
      273.1880000000        0.2338190000
       81.1696000000        0.7847980000
  2  0  2
       27.1836000000        0.8033810000
        3.4136000000        0.3167200000
  1  0  2
        9.5322000000        1.0000000000
  1  0  2
        0.9398000000        1.0000000000
  1  0  2
        0.2846000000        1.0000000000
  1  0  2
        0.0822700000        1.0000000000
  1  0  2
        0.0237819849        1.0000000000
  3  1  2
       35.1832000000        0.0400230000
        7.9040000000        0.2538490000
        2.3051000000        0.8068420000
  1  1  2
        0.7171000000        1.0000000000
  1  1  2
        0.2137000000        1.0000000000
  1  1  2
        0.0650800000        1.0000000000
  1  1  2
        0.0198194029        1.0000000000
  1  2  2
        1.7000000000        1.0000000000
  1  2  2
        0.4250000000        1.0000000000
  1  2  2
        0.1062500000        1.0000000000
