         381
     0.10000000               0               0
     0.10500000               0               0
     0.11000000               0               0
     0.11500000               0               0
     0.12000000               0               0
     0.12500000               0               0
     0.13000000               0               0
     0.13500000               0               0
     0.14000000               0               0
     0.14500000               0               0
     0.15000000               0               0
     0.15500000               0               0
     0.16000000               0               0
     0.16500000               0               0
     0.17000000               0               0
     0.17500000               0               0
     0.18000000               0               0
     0.18500000               0               0
     0.19000000               0               0
     0.19500000               0               0
     0.20000000               0               0
     0.20500000               0               0
     0.21000000               0               0
     0.21500000               0               0
     0.22000000               0               0
     0.22500000               0               0
     0.23000000               0               0
     0.23500000               0               0
     0.24000000               0               0
     0.24500000               0               0
     0.25000000               0               0
     0.25500000               0               0
     0.26000000               0               0
     0.26500000               0               0
     0.27000000               0               0
     0.27500000               0               0
     0.28000000               0               0
     0.28500000               0               0
     0.29000000               0               0
     0.29500000               0               0
     0.30000000               0               0
     0.30500000               0               0
     0.31000000               0               0
     0.31500000               0               0
     0.32000000               0               0
     0.32500000               0               0
     0.33000000               0               0
     0.33500000               0               0
     0.34000000               0               0
     0.34500000               0               0
     0.35000000               0               0
     0.35500000               0               0
     0.36000000               0               0
     0.36500000               0               0
     0.37000000               0               0
     0.37500000               0               0
     0.38000000               0               0
     0.38500000               0               0
     0.39000000               0               0
     0.39500000               0               0
     0.40000000               0               0
     0.40500000               0               0
     0.41000000               0               0
     0.41500000               0               0
     0.42000000               0               0
     0.42500000               0               0
     0.43000000               0               0
     0.43500000               0               0
     0.44000000               0               0
     0.44500000               0               0
     0.45000000               0               0
     0.45500000               0               0
     0.46000000               0               0
     0.46500000               0               0
     0.47000000               0               0
     0.47500000               0               0
     0.48000000               0               0
     0.48500000               0               0
     0.49000000               0               0
     0.49500000               0               0
     0.50000000               0               0
     0.51000000               0               0
     0.52000000               0               0
     0.53000000               0               0
     0.54000000               0               0
     0.55000000               0               0
     0.56000000               0               0
     0.57000000               0               0
     0.58000000               0               0
     0.59000000               0               0
     0.60000000               0               0
     0.61000000               0               0
     0.62000000               0               0
     0.63000000               0               0
     0.64000000               0               0
     0.65000000               0               0
     0.66000000               0               0
     0.67000000               0               0
     0.68000000               0               0
     0.69000000               0               0
     0.70000000               0               0
     0.71000000               0               0
     0.72000000               0               0
     0.73000000               0               0
     0.74000000               0               0
     0.75000000               0               0
     0.76000000               0               0
     0.77000000               0               0
     0.78000000               0               0
     0.79000000               0               0
     0.80000000               0               0
     0.81000000               0               0
     0.82000000               0               0
     0.83000000               0               0
     0.84000000               0               0
     0.85000000               0               0
     0.86000000               0               0
     0.87000000               0               0
     0.88000000               0               0
     0.89000000               0               0
     0.90000000               0               0
     0.91000000               0               0
     0.92000000               0               0
     0.93000000               0               0
     0.94000000               0               0
     0.95000000               0               0
     0.96000000               0               0
     0.97000000               0               0
     0.98000000               0               0
     0.99000000               0               0
     1.00000000               0               0
     1.02500000               0               0
     1.05000000               0               0
     1.07500000               0               0
     1.10000000               0               0
     1.12500000               0               0
     1.15000000               0               0
     1.17500000               0               0
     1.20000000               0               0
     1.22500000               0               0
     1.25000000               0               0
     1.27500000               0               0
     1.30000000               0               0
     1.32500000               0               0
     1.35000000               0               0
     1.37500000               0               0
     1.40000000               0               0
     1.42500000               0               0
     1.45000000               0               0
     1.47500000               0               0
     1.50000000               0               0
     1.52500000               0               0
     1.55000000               0               0
     1.57500000               0               0
     1.60000000               0               0
     1.62500000               0               0
     1.65000000               0               0
     1.67500000               0               0
     1.70000000               0               0
     1.72500000               0               0
     1.75000000               0               0
     1.77500000               0               0
     1.80000000               0               0
     1.82500000               0               0
     1.85000000               0               0
     1.87500000               0               0
     1.90000000               0               0
     1.92500000               0               0
     1.95000000               0               0
     1.97500000               0               0
     2.00000000               0               0
     2.02500000               0               0
     2.05000000               0               0
     2.07500000               0               0
     2.10000000               0               0
     2.12500000               0               0
     2.15000000               0               0
     2.17500000               0               0
     2.20000000               0               0
     2.22500000               0               0
     2.25000000               0               0
     2.27500000               0               0
     2.30000000               0               0
     2.32500000               0               0
     2.35000000               0               0
     2.37500000               0               0
     2.40000000               0               0
     2.42500000               0               0
     2.45000000               0               0
     2.47500000               0               0
     2.50000000               0               0
     2.52500000               0               0
     2.55000000               0               0
     2.57500000               0               0
     2.60000000               0               0
     2.62500000               0               0
     2.65000000               0               0
     2.67500000               0               0
     2.70000000               0               0
     2.72500000               0               0
     2.75000000               0               0
     2.77500000               0               0
     2.80000000               0               0
     2.82500000               0               0
     2.85000000               0               0
     2.87500000               0               0
     2.90000000               0               0
     2.92500000               0               0
     2.95000000               0               0
     2.97500000               0               0
     3.00000000               0               0
     3.02500000               0               0
     3.05000000               0               0
     3.07500000               0               0
     3.10000000               0               0
     3.12500000               0               0
     3.15000000               0               0
     3.17500000               0               0
     3.20000000               0               0
     3.22500000               0               0
     3.25000000               0               0
     3.27500000               0               0
     3.30000000               0               0
     3.32500000               0               0
     3.35000000               0               0
     3.37500000               0               0
     3.40000000               0               0
     3.42500000               0               0
     3.45000000               0               0
     3.47500000               0               0
     3.50000000               0               0
     3.52500000               0               0
     3.55000000               0               0
     3.57500000               0               0
     3.60000000               0               0
     3.62500000               0               0
     3.65000000               0               0
     3.67500000               0               0
     3.70000000               0               0
     3.72500000               0               0
     3.75000000               0               0
     3.77500000               0               0
     3.80000000               0               0
     3.82500000               0               0
     3.85000000               0               0
     3.87500000               0               0
     3.90000000               0               0
     3.92500000               0               0
     3.95000000               0               0
     3.97500000               0               0
     4.00000000               0               0
     4.05000000               0               0
     4.10000000               0               0
     4.15000000               0               0
     4.20000000               0               0
     4.25000000               0               0
     4.30000000               0               0
     4.35000000               0               0
     4.40000000               0               0
     4.45000000               0               0
     4.50000000               0               0
     4.55000000               0               0
     4.60000000               0               0
     4.65000000               0               0
     4.70000000               0               0
     4.75000000               0               0
     4.80000000               0               0
     4.85000000               0               0
     4.90000000               0               0
     4.95000000               0               0
     5.00000000               0               0
     5.05000000               0               0
     5.10000000               0               0
     5.15000000               0               0
     5.20000000               0               0
     5.25000000               0               0
     5.30000000               0               0
     5.35000000               0               0
     5.40000000               0               0
     5.45000000               0               0
     5.50000000               0               0
     5.55000000               0               0
     5.60000000               0               0
     5.65000000               0               0
     5.70000000               0               0
     5.75000000               0               0
     5.80000000               0               0
     5.85000000               0               0
     5.90000000               0               0
     5.95000000               0               0
     6.00000000               0               0
     6.10000000               0               0
     6.20000000               0               0
     6.30000000               0               0
     6.40000000               0               0
     6.50000000               0               0
     6.60000000               0               0
     6.70000000               0               0
     6.80000000               0               0
     6.90000000               0               0
     7.00000000               0               0
     7.10000000               0               0
     7.20000000               0               0
     7.30000000               0               0
     7.40000000               0               0
     7.50000000               0               0
     7.60000000               0               0
     7.70000000               0               0
     7.80000000               0               0
     7.90000000               0               0
     8.00000000               0               0
     8.10000000               0               0
     8.20000000               0               0
     8.30000000               0               0
     8.40000000               0               0
     8.50000000               0               0
     8.60000000               0               0
     8.70000000               0               0
     8.80000000               0               0
     8.90000000               0               0
     9.00000000               0               0
     9.10000000               0               0
     9.20000000               0               0
     9.30000000               0               0
     9.40000000               0               0
     9.50000000               0               0
     9.60000000               0               0
     9.70000000               0               0
     9.80000000               0               0
     9.90000000               0               0
    10.00000000               0               0
    10.10000000               0               0
    10.20000000               0               0
    10.30000000               0               0
    10.40000000               0               0
    10.50000000               0               0
    10.60000000               0               0
    10.70000000               0               0
    10.80000000               0               0
    10.90000000               0               0
    11.00000000               0               0
    11.10000000               0               0
    11.20000000               0               0
    11.30000000               0               0
    11.40000000               0               0
    11.50000000               0               0
    11.60000000               0               0
    11.70000000               0               0
    11.80000000               0               0
    11.90000000               0               0
    12.00000000               0               0
    12.10000000               0               0
    12.20000000               0               0
    12.30000000               0               0
    12.40000000               0               0
    12.50000000               0               0
    12.60000000               0               0
    12.70000000               0               0
    12.80000000               0               0
    12.90000000               0               0
    13.00000000               0               0
    13.10000000               0               0
    13.20000000               0               0
    13.30000000               0               0
    13.40000000               0               0
    13.50000000               0               0
    13.60000000               0               0
    13.70000000               0               0
    13.80000000               0               0
    13.90000000               0               0
    14.00000000               0               0
    14.10000000               0               0
    14.20000000               0               0
    14.30000000               0               0
    14.40000000               0               0
    14.50000000               0               0
    14.60000000               0               0
    14.70000000               0               0
    14.80000000               0               0
    14.90000000               0               0
    15.00000000               0               0
