He:ahgbsp2-7.1
 44
  1   0
    17012.9730150000         1.0000000000
  1   0
     7633.2853217000         1.0000000000
  1   0
     3424.8596497000         1.0000000000
  1   0
     1536.6468206000         1.0000000000
  1   0
      689.4540777600         1.0000000000
  1   0
      309.3403890600         1.0000000000
  1   0
      138.7931109500         1.0000000000
  1   0
       62.2729146500         1.0000000000
  1   0
       27.9402621110         1.0000000000
  1   0
       12.5360801110         1.0000000000
  1   0
        5.6246181205         1.0000000000
  1   0
        2.5236221148         1.0000000000
  1   0
        1.1322846177         1.0000000000
  1   0
        0.5080271123         1.0000000000
  1   0
        0.2279387556         1.0000000000
  1   0
        0.1022702826         1.0000000000
  1   0
        0.0458860568         1.0000000000
  1   0
        0.0205878986         1.0000000000
  1   0
        0.0092372629         1.0000000000
  1   1
       39.7223273300         1.0000000000
  1   1
       18.9090305360         1.0000000000
  1   1
        9.0012710696         1.0000000000
  1   1
        4.2848775729         1.0000000000
  1   1
        2.0397314637         1.0000000000
  1   1
        0.9709739365         1.0000000000
  1   1
        0.4622129932         1.0000000000
  1   1
        0.2200273798         1.0000000000
  1   1
        0.1047396949         1.0000000000
  1   1
        0.0498592661         1.0000000000
  1   1
        0.0237345203         1.0000000000
  1   1
        0.0112983503         1.0000000000
  1   1
        0.0053783568         1.0000000000
  1   1
        0.0025602607         1.0000000000
  1   2
        2.5179738926         1.0000000000
  1   2
        1.2588452309         1.0000000000
  1   2
        0.6293517657         1.0000000000
  1   2
        0.3146404620         1.0000000000
  1   2
        0.1573025225         1.0000000000
  1   2
        0.0786424080         1.0000000000
  1   2
        0.0393167779         1.0000000000
  1   2
        0.0196561761         1.0000000000
  1   2
        0.0098269818         1.0000000000
  1   2
        0.0049129378         1.0000000000
  1   2
        0.0024561924         1.0000000000
