He:ahgbsp3-9.1
 81
  1   0
   310888.2924200000         1.0000000000
  1   0
   161002.2655000000         1.0000000000
  1   0
    83379.5615000000         1.0000000000
  1   0
    43180.4562140000         1.0000000000
  1   0
    22362.2164150000         1.0000000000
  1   0
    11580.9041140000         1.0000000000
  1   0
     5997.4976361000         1.0000000000
  1   0
     3105.9732075000         1.0000000000
  1   0
     1608.5157762000         1.0000000000
  1   0
      833.0152353400         1.0000000000
  1   0
      431.4004205400         1.0000000000
  1   0
      223.4128680300         1.0000000000
  1   0
      115.7006512400         1.0000000000
  1   0
       59.9188435980         1.0000000000
  1   0
       31.0306621410         1.0000000000
  1   0
       16.0701030780         1.0000000000
  1   0
        8.3223558607         1.0000000000
  1   0
        4.3099665719         1.0000000000
  1   0
        2.2320376780         1.0000000000
  1   0
        1.1559236279         1.0000000000
  1   0
        0.5986276337         1.0000000000
  1   0
        0.3100161941         1.0000000000
  1   0
        0.1605506248         1.0000000000
  1   0
        0.0831456667         1.0000000000
  1   0
        0.0430593272         1.0000000000
  1   0
        0.0222994863         1.0000000000
  1   0
        0.0115484176         1.0000000000
  1   0
        0.0059806736         1.0000000000
  1   1
      198.8905071100         1.0000000000
  1   1
      107.5833969200         1.0000000000
  1   1
       58.1937642970         1.0000000000
  1   1
       31.4780375050         1.0000000000
  1   1
       17.0270278470         1.0000000000
  1   1
        9.2102208481         1.0000000000
  1   1
        4.9819715358         1.0000000000
  1   1
        2.6948366161         1.0000000000
  1   1
        1.4576848412         1.0000000000
  1   1
        0.7884875408         1.0000000000
  1   1
        0.4265068721         1.0000000000
  1   1
        0.2307051190         1.0000000000
  1   1
        0.1247924838         1.0000000000
  1   1
        0.0675024641         1.0000000000
  1   1
        0.0365132780         1.0000000000
  1   1
        0.0197506786         1.0000000000
  1   1
        0.0106834918         1.0000000000
  1   1
        0.0057788899         1.0000000000
  1   1
        0.0031259039         1.0000000000
  1   1
        0.0016908567         1.0000000000
  1   2
        7.9450055070         1.0000000000
  1   2
        4.4792957600         1.0000000000
  1   2
        2.5253715039         1.0000000000
  1   2
        1.4237731943         1.0000000000
  1   2
        0.8027057032         1.0000000000
  1   2
        0.4525555394         1.0000000000
  1   2
        0.2551452113         1.0000000000
  1   2
        0.1438477119         1.0000000000
  1   2
        0.0810995594         1.0000000000
  1   2
        0.0457229277         1.0000000000
  1   2
        0.0257780207         1.0000000000
  1   2
        0.0145333290         1.0000000000
  1   2
        0.0081937110         1.0000000000
  1   2
        0.0046195128         1.0000000000
  1   2
        0.0026044242         1.0000000000
  1   2
        0.0014683421         1.0000000000
  1   2
        0.0008278331         1.0000000000
  1   3
        1.3387225239         1.0000000000
  1   3
        0.7923771584         1.0000000000
  1   3
        0.4690005210         1.0000000000
  1   3
        0.2775969579         1.0000000000
  1   3
        0.1643070052         1.0000000000
  1   3
        0.0972517572         1.0000000000
  1   3
        0.0575623922         1.0000000000
  1   3
        0.0340706337         1.0000000000
  1   3
        0.0201660848         1.0000000000
  1   3
        0.0119361142         1.0000000000
  1   3
        0.0070648728         1.0000000000
  1   3
        0.0041816311         1.0000000000
  1   3
        0.0024750678         1.0000000000
  1   3
        0.0014649691         1.0000000000
  1   3
        0.0008671013         1.0000000000
  1   3
        0.0005132291         1.0000000000
