Ne:nmr.dkh.tzp
  9
 11   0
    25707.6640864843         0.0006900000
     8569.2213621614         0.0008100000
     2856.4071207205         0.0042200000
      952.1357069068         0.0139000000
      317.3785689689         0.0526100000
      105.7928563230         0.1690200000
        0.0000000000         0.0000000000
        0.0000000000         0.0000000000
        0.0000000000         0.0000000000
        0.0000000000         0.0000000000
        0.0000000000         0.0000000000
 11   0
        0.0000000000         0.0000000000
        0.0000000000         0.0000000000
        0.0000000000         0.0000000000
        0.0000000000         0.0000000000
        0.0000000000         0.0000000000
        0.0000000000         0.0000000000
       35.2642854410         1.0000000000
        0.0000000000         0.0000000000
        0.0000000000         0.0000000000
        0.0000000000         0.0000000000
        0.0000000000         0.0000000000
 11   0
        0.0000000000         0.0000000000
        0.0000000000         0.0000000000
        0.0000000000         0.0000000000
        0.0000000000         0.0000000000
        0.0000000000         0.0000000000
        0.0000000000         0.0000000000
        0.0000000000         0.0000000000
       11.7547618137         1.0000000000
        0.0000000000         0.0000000000
        0.0000000000         0.0000000000
        0.0000000000         0.0000000000
 11   0
        0.0000000000         0.0000000000
        0.0000000000         0.0000000000
        0.0000000000         0.0000000000
        0.0000000000         0.0000000000
        0.0000000000         0.0000000000
        0.0000000000         0.0000000000
        0.0000000000         0.0000000000
        0.0000000000         0.0000000000
        3.9182539379         1.0000000000
        0.0000000000         0.0000000000
        0.0000000000         0.0000000000
 11   0
        0.0000000000         0.0000000000
        0.0000000000         0.0000000000
        0.0000000000         0.0000000000
        0.0000000000         0.0000000000
        0.0000000000         0.0000000000
        0.0000000000         0.0000000000
        0.0000000000         0.0000000000
        0.0000000000         0.0000000000
        0.0000000000         0.0000000000
        1.3060846460         1.0000000000
        0.0000000000         0.0000000000
 11   0
        0.0000000000         0.0000000000
        0.0000000000         0.0000000000
        0.0000000000         0.0000000000
        0.0000000000         0.0000000000
        0.0000000000         0.0000000000
        0.0000000000         0.0000000000
        0.0000000000         0.0000000000
        0.0000000000         0.0000000000
        0.0000000000         0.0000000000
        0.0000000000         0.0000000000
        0.4353615487         1.0000000000
  6   1
      121.9514927399         0.0039800000
       37.5235362277         0.0203500000
       11.5457034547         0.1080200000
        3.5525241399         0.3321700000
        0.0000000000         0.0000000000
        0.0000000000         0.0000000000
  6   1
        0.0000000000         0.0000000000
        0.0000000000         0.0000000000
        0.0000000000         0.0000000000
        0.0000000000         0.0000000000
        1.0930843507         1.0000000000
        0.0000000000         0.0000000000
  6   1
        0.0000000000         0.0000000000
        0.0000000000         0.0000000000
        0.0000000000         0.0000000000
        0.0000000000         0.0000000000
        0.0000000000         0.0000000000
        0.3363336464         1.0000000000
