Ne:svp.diffuse.rydberg
  9
  7   0
    12100.0000000000         0.0012000000
     1821.0000000000         0.0090920000
      432.8000000000         0.0413050000
      132.5000000000         0.1378670000
       43.7700000000         0.3624330000
       14.9100000000         0.4722470000
        5.1270000000         0.1300350000
  2   0
       14.9100000000        -0.1408100000
        1.4910000000         1.0533270000
  1   0
        0.4468000000         1.0000000000
  1   0
        0.0400000000         1.0000000000
  4   1
       56.4500000000         0.0208750000
       12.9200000000         0.1300320000
        3.8650000000         0.3956790000
        1.2030000000         0.6214500000
  1   1
        0.3444000000         1.0000000000
  1   1
        0.0890000000         1.0000000000
  1   1
        0.0300000000         1.0000000000
  1   2
        0.9500000000         1.0000000000
