Ne:tzdh
  7
  6   0
    28660.0000000000         0.0007670000
     4263.0000000000         0.0060680000
      946.8000000000         0.0324740000
      261.5000000000         0.1314680000
       83.3400000000         0.3977230000
       29.1700000000         0.5424910000
  2   0
       29.1700000000         0.2690650000
       10.7600000000         0.7641210000
  1   0
        3.3430000000         1.0000000000
  1   0
        1.2410000000         1.0000000000
  1   0
        0.4063000000         1.0000000000
  4   1
       84.8400000000         0.0155500000
       19.7100000000         0.1030110000
        6.2190000000         0.3492150000
        2.2110000000         0.6628390000
  1   1
        0.7853000000         1.0000000000
