He:sapporo-tzp-diffuse.1
  9
  4   0
      234.0633630000         0.0072908000
       35.1740093000         0.0550381000
        7.9911157000         0.2564786000
        2.2124244000         0.7667869000
  1   0
        0.6670703000         1.0000000000
  1   0
        0.2089477000         1.0000000000
  1   0
        0.0696492000         1.0000000000
  2   1
       10.4263790000         0.1015690000
        2.4963910000         0.9401513000
  1   1
        0.7238670000         1.0000000000
  1   1
        0.2412890000         1.0000000000
  2   2
        3.4141020000         0.3691401000
        1.0144490000         0.7499262000
  1   2
        0.3527200000         1.0000000000
