Ne:sapporo-dzp-2012-diffuse.1
 11
  5   0
     7977.9874300000         0.0026780000
     1198.1627260000         0.0204540000
      272.5645220000         0.1001240000
       76.7358450000         0.3358300000
       24.6147530000         0.6457470000
  1   0
        8.3325070000         1.0000000000
  2   0
       16.8408560000        -0.1528330000
        1.5485590000         1.0535350000
  1   0
        0.4654920000         1.0000000000
  1   0
        0.1551640000         1.0000000000
  1   1
       35.3732570000         1.0000000000
  3   1
       28.3897770000         0.0661490000
        6.2690630000         0.3448790000
        1.6941790000         0.7304880000
  1   1
        0.4314380000         1.0000000000
  1   1
        0.1438127000         1.0000000000
  2   2
        4.5266270000         0.3469261000
        1.1775520000         0.7868231000
  1   2
        0.4041579000         1.0000000000
