Ne:sapporo-dzp-2012-diffuse
 11
  5   0
     7977.9874300000         0.0026780000
     1198.1627260000         0.0204540000
      272.5645220000         0.1001240000
       76.7358450000         0.3358300000
       24.6147530000         0.6457470000
  1   0
        8.3325070000         1.0000000000
  2   0
       16.8408560000        -0.1528330000
        1.5485590000         1.0535350000
  1   0
        0.4654920000         1.0000000000
  1   0
        0.1551640000         1.0000000000
  1   1
       35.3732570000         1.0000000000
  3   1
       28.3897770000         0.0661490000
        6.2690630000         0.3448790000
        1.6941790000         0.7304880000
  1   1
        0.4314380000         1.0000000000
  1   1
        0.1438127000         1.0000000000
  2   2
        4.5266270000         0.3469261000
        1.1775520000         0.7868231000
  1   2
        0.4041579000         1.0000000000

He:sapporo-tzp-diffuse
  9
  4   0
      234.0633630000         0.0072908000
       35.1740093000         0.0550381000
        7.9911157000         0.2564786000
        2.2124244000         0.7667869000
  1   0
        0.6670703000         1.0000000000
  1   0
        0.2089477000         1.0000000000
  1   0
        0.0696492000         1.0000000000
  2   1
       10.4263790000         0.1015690000
        2.4963910000         0.9401513000
  1   1
        0.7238670000         1.0000000000
  1   1
        0.2412890000         1.0000000000
  2   2
        3.4141020000         0.3691401000
        1.0144490000         0.7499262000
  1   2
        0.3527200000         1.0000000000
He:sapporo-qzp-2012-diffuse
 14
  5   0
     1144.6468668000         0.0016520000
      171.6461943000         0.0127728000
       39.0659544000         0.0656121000
       11.0513343000         0.2554914000
        3.5725326000         0.7449704000
  1   0
        1.2429351000         1.0000000000
  1   0
        0.4480750000         1.0000000000
  1   0
        0.1641154000         1.0000000000
  1   0
        0.0547051000         1.0000000000
  2   1
       19.3454490000         0.0818050000
        4.8179070000         0.9510479000
  1   1
        1.6506250000         1.0000000000
  1   1
        0.5448140000         1.0000000000
  1   1
        0.1816047000         1.0000000000
  2   2
        8.0451280000         0.1720410000
        2.8322500000         0.8821268000
  1   2
        1.0482740000         1.0000000000
  1   2
        0.3494247000         1.0000000000
  2   3
        3.7903690000         0.4074172000
        1.2924980000         0.7203303000
  1   3
        0.4446387000         1.0000000000
He:ahgbsp2-7.1
 45
  1   0
    17012.9730150000         1.0000000000
  1   0
     7633.2853217000         1.0000000000
  1   0
     3424.8596497000         1.0000000000
  1   0
     1536.6468206000         1.0000000000
  1   0
      689.4540777600         1.0000000000
  1   0
      309.3403890600         1.0000000000
  1   0
      138.7931109500         1.0000000000
  1   0
       62.2729146500         1.0000000000
  1   0
       27.9402621110         1.0000000000
  1   0
       12.5360801110         1.0000000000
  1   0
        5.6246181205         1.0000000000
  1   0
        2.5236221148         1.0000000000
  1   0
        1.1322846177         1.0000000000
  1   0
        0.5080271123         1.0000000000
  1   0
        0.2279387556         1.0000000000
  1   0
        0.1022702826         1.0000000000
  1   0
        0.0458860568         1.0000000000
  1   0
        0.0205878986         1.0000000000
  1   0
        0.0092372629         1.0000000000
  1   1
       39.7223273300         1.0000000000
  1   1
       18.9090305360         1.0000000000
  1   1
        9.0012710696         1.0000000000
  1   1
        4.2848775729         1.0000000000
  1   1
        2.0397314637         1.0000000000
  1   1
        0.9709739365         1.0000000000
  1   1
        0.4622129932         1.0000000000
  1   1
        0.2200273798         1.0000000000
  1   1
        0.1047396949         1.0000000000
  1   1
        0.0498592661         1.0000000000
  1   1
        0.0237345203         1.0000000000
  1   1
        0.0112983503         1.0000000000
  1   1
        0.0053783568         1.0000000000
  1   1
        0.0025602607         1.0000000000
  1   2
        2.5179738926         1.0000000000
  1   2
        1.2588452309         1.0000000000
  1   2
        0.6293517657         1.0000000000
  1   2
        0.3146404620         1.0000000000
  1   2
        0.1573025225         1.0000000000
  1   2
        0.0786424080         1.0000000000
  1   2
        0.0393167779         1.0000000000
  1   2
        0.0196561761         1.0000000000
  1   2
        0.0098269818         1.0000000000
  1   2
        0.0049129378         1.0000000000
  1   2
        0.0024561924         1.0000000000
  1   2
        0.0012279580         1.0000000000
He:ahgbsp3-9.1
 82
  1   0
   310888.2924200000         1.0000000000
  1   0
   161002.2655000000         1.0000000000
  1   0
    83379.5615000000         1.0000000000
  1   0
    43180.4562140000         1.0000000000
  1   0
    22362.2164150000         1.0000000000
  1   0
    11580.9041140000         1.0000000000
  1   0
     5997.4976361000         1.0000000000
  1   0
     3105.9732075000         1.0000000000
  1   0
     1608.5157762000         1.0000000000
  1   0
      833.0152353400         1.0000000000
  1   0
      431.4004205400         1.0000000000
  1   0
      223.4128680300         1.0000000000
  1   0
      115.7006512400         1.0000000000
  1   0
       59.9188435980         1.0000000000
  1   0
       31.0306621410         1.0000000000
  1   0
       16.0701030780         1.0000000000
  1   0
        8.3223558607         1.0000000000
  1   0
        4.3099665719         1.0000000000
  1   0
        2.2320376780         1.0000000000
  1   0
        1.1559236279         1.0000000000
  1   0
        0.5986276337         1.0000000000
  1   0
        0.3100161941         1.0000000000
  1   0
        0.1605506248         1.0000000000
  1   0
        0.0831456667         1.0000000000
  1   0
        0.0430593272         1.0000000000
  1   0
        0.0222994863         1.0000000000
  1   0
        0.0115484176         1.0000000000
  1   0
        0.0059806736         1.0000000000
  1   1
      198.8905071100         1.0000000000
  1   1
      107.5833969200         1.0000000000
  1   1
       58.1937642970         1.0000000000
  1   1
       31.4780375050         1.0000000000
  1   1
       17.0270278470         1.0000000000
  1   1
        9.2102208481         1.0000000000
  1   1
        4.9819715358         1.0000000000
  1   1
        2.6948366161         1.0000000000
  1   1
        1.4576848412         1.0000000000
  1   1
        0.7884875408         1.0000000000
  1   1
        0.4265068721         1.0000000000
  1   1
        0.2307051190         1.0000000000
  1   1
        0.1247924838         1.0000000000
  1   1
        0.0675024641         1.0000000000
  1   1
        0.0365132780         1.0000000000
  1   1
        0.0197506786         1.0000000000
  1   1
        0.0106834918         1.0000000000
  1   1
        0.0057788899         1.0000000000
  1   1
        0.0031259039         1.0000000000
  1   1
        0.0016908567         1.0000000000
  1   2
        7.9450055070         1.0000000000
  1   2
        4.4792957600         1.0000000000
  1   2
        2.5253715039         1.0000000000
  1   2
        1.4237731943         1.0000000000
  1   2
        0.8027057032         1.0000000000
  1   2
        0.4525555394         1.0000000000
  1   2
        0.2551452113         1.0000000000
  1   2
        0.1438477119         1.0000000000
  1   2
        0.0810995594         1.0000000000
  1   2
        0.0457229277         1.0000000000
  1   2
        0.0257780207         1.0000000000
  1   2
        0.0145333290         1.0000000000
  1   2
        0.0081937110         1.0000000000
  1   2
        0.0046195128         1.0000000000
  1   2
        0.0026044242         1.0000000000
  1   2
        0.0014683421         1.0000000000
  1   2
        0.0008278331         1.0000000000
  1   3
        1.3387225239         1.0000000000
  1   3
        0.7923771584         1.0000000000
  1   3
        0.4690005210         1.0000000000
  1   3
        0.2775969579         1.0000000000
  1   3
        0.1643070052         1.0000000000
  1   3
        0.0972517572         1.0000000000
  1   3
        0.0575623922         1.0000000000
  1   3
        0.0340706337         1.0000000000
  1   3
        0.0201660848         1.0000000000
  1   3
        0.0119361142         1.0000000000
  1   3
        0.0070648728         1.0000000000
  1   3
        0.0041816311         1.0000000000
  1   3
        0.0024750678         1.0000000000
  1   3
        0.0014649691         1.0000000000
  1   3
        0.0008671013         1.0000000000
  1   3
        0.0005132291         1.0000000000
  1   3
        0.0003037754         1.0000000000
